395	11403.7	1.09	232.85	304.4	685.04	0.484397	895.37	8.03	38.47	9.13	128.36	3.52
394	11225.3	1.14	223.06	316.49	728.73	0.529261	943.87	8.1	39.29	9.95	137.47	3.95
393	10551.8	1.12	215.74	300.12	689.28	0.530407	923.92	7.54	34.88	9.26	127.38	3.7
392	11112.7	1.2	229.47	325.67	742.16	0.59888	974.12	7.84	34.99	9.76	136.75	4.31
391	10233.9	1.14	230.12	296.48	698.86	0.568887	944.21	7.9	35.03	9.56	128.85	4.13
390	10166.4	1.15	225.43	303.25	703.86	0.561359	936.98	8.07	34.53	9.54	123.29	4.04
389	9494.63	1.14	213.36	276.66	678.98	0.570005	923.56	6.42	35.04	9.36	122.52	3.73
388	8598.31	1.03	159.55	234.69	595.47	0.533186	845.26	5.6	33.96	7.95	111.17	3.03
387	8926.57	1.08	161.57	247.57	620.56	0.557894	868.71	5.72	29.88	7.9	113.25	3.01
386	8129.97	1	148.99	229.49	580.02	0.52864	814.66	5.45	24.13	6.99	103.4	2.25
385	8621.9	1.07	155.59	250.03	634.1	0.590511	860.41	5.72	24.52	7.86	110.63	2.39
384	8736.98	0.954428	163.95	260.43	637.82	0.590486	883.87	6.04	26	8.21	117.57	2.19
383	8265.59	0.805263	149.47	247.22	605	0.543094	817.81	5.58	21.79	7.35	112.43	2.34
382	7621.3	0.723895	138.2	207.28	521.99	0.536718	757.07	4.97	18.16	6.49	102.5	2.46
381	7754	0.776393	142.99	212.29	528.5	0.5842	793.12	5.06	19.39	6.86	105.95	5.58
380	6955.27	0.691799	125.33	179.49	451.43	0.449672	697.95	4.54	16.53	6.09	82.37	4.29
379	8277.01	0.815703	148.03	221.05	549.96	0.55087	834.68	5.74	21.04	7.99	107.45	5.54
378	9174.91	0.924043	160.25	251.59	637.37	0.628795	964.02	6.63	24.2	9.66	122.97	6.51
377	8830.75	0.884784	131.38	235.63	586.88	0.582652	915.78	6.2	23.07	9.33	120.13	6.69
376	9170.54	0.96253	142.3	240.97	617.04	0.618265	1036.79	6.67	24.97	10.15	126	8.89
375	10221.1	1.16	163.35	272.89	697.46	0.779857	1118.31	7.68	28.76	12.29	145.76	8.73
374	10106.3	1.14	165.28	274.02	676.91	0.776491	1071.13	7.61	27.13	11.97	146.28	6.01
373	11296.4	1.32	181.66	316.63	767.69	0.935431	1182.36	8.71	31.71	14.82	168.14	7.01
372	11786.3	1.4	193.87	332.17	812.24	1.03	1246.01	9.2	32.9	14.64	152.16	8.32
371	11440.7	1.22	180.89	321.36	773.84	1.06	1107.07	9.11	29.49	14.42	140.2	10.53
370	11171.4	1.22	176.73	323.69	782.41	0.839974	1055.17	8.96	28.8	13.37	137.89	11.18
369	11259.4	1.31	180.27	317.1	795.65	0.9491	1056.03	9.06	29.19	12.68	138	12.59
368	11359.4	1.36	179.99	317.4	775.11	0.96375	1058.78	8.81	29.6	12.64	136.41	13.26
367	10868.4	1.34	177.81	308.46	757.34	0.942383	986.23	8.2	28.37	12.46	121.6	16.05
366	10931.4	1.36	180.01	315.9	763.2	0.991465	1003.26	8.3	29.26	11.73	123.66	16.76
365	11600.1	1.38	190.42	345.08	818.27	1.07	1049.58	8.27	30.32	13.29	131.09	17.86
364	12899.2	1.58	211.02	383.79	926.12	1.21	1155.15	9.6	35.01	16.1	149.94	21.81
363	11607.4	1.55	192.96	364.62	846.16	1.1	1039.1	8.78	31.7	14.84	139.5	29.11
362	11474.9	1.6	192.84	316.47	835.49	1.08	1036.28	8.6	30.19	14.59	142.66	37.68
361	11188.6	1.31	186.52	319.19	793.57	1.02	1014.25	8.09	29.12	14.74	141.37	22.48
360	11490.5	1.18	188.33	320.04	759.62	1.03	1053.69	8.39	28.46	14.94	145.3	19.28
359	13819.8	1.68	232.77	414.57	939.19	1.39	1291.92	10.77	40.5	20.81	187.41	256.07
358	13772	1.86	238.68	399.52	1014.07	1.39	1366.77	11.09	42.96	19.93	170.42	293.36
357	14360.2	2.02	259.19	420.05	1100.26	1.51	1396.42	11.83	42.39	19.96	140.62	318.02
356	13980.6	2.04	236.86	394.78	1054.87	1.44	1273.2	11.34	36.4	18.69	124.47	322.98
355	13405.8	1.95	229.37	355.59	1007.88	1.31	1154.93	10.71	32.79	16.09	108.3	302.19
354	14973.3	1.97	250.52	407.74	1106.36	1.45	1255.82	12.74	36.95	19.24	122.99	327.27
353	14595.4	2.1	247.04	413.33	1111.86	1.54	1299.74	12.99	38.32	19.53	126.94	353.23
352	15170.1	2.46	255.76	405.07	1087.75	1.65	1148.53	13.63	34.19	21.75	102.38	361.85
351	16477.6	3.38	288.45	459.33	1285.43	1.84	1153.17	12.95	40.79	17.05	102.43	376.96
350	17527	3.09	296.45	452.77	1265.03	1.65	1041.68	12.86	38.42	16.19	100.86	449.47
349	17429.5	3.05	249.27	384.94	1152.41	1.59	997.72	12.06	36.2	15.19	95.28	402.82
348	15599.2	3.2	241.37	403.05	1229.79	1.64	980.92	12.54	36.32	16.06	99.11	428.53
347	15201	3.11	245.37	412.06	1170.74	1.79	962.72	12.99	34.86	16.96	105.56	447.53
346	14982.1	2.48	255.68	383.42	1217.72	1.16	884.44	13.35	34.92	16.08	90.33	428.6
345	13657.2	2.39	229.03	358.99	1053.98	1.04	772.64	12.57	34.17	15.7	78.82	385.5
344	14156.4	2.3	232.1	349.03	1051.68	1.03	756.73	12.6	28	14.03	75.96	418.96
343	12952.2	2.16	218.96	330.8	1011.47	0.926883	717.26	11.81	26.92	13	72.4	384.56
342	14656.2	2.21	245.5	377.37	1147.95	1.06	753.59	13.64	30.03	15.15	73.9	463.31
341	14606.5	1.43	249.93	378.9	1160.57	0.909741	737.02	12.71	29.53	14.22	65.43	409.57
340	15838.5	1.4	272.17	421.85	1189.89	0.944464	762.84	13.58	32.14	13.84	66.88	421.6
339	16099.8	1.19	286.5	381.54	1222.83	0.98838	773.84	14.2	32.9	14.92	65.52	397.87
338	14026.6	1.12	273.39	360.78	1175.89	1.01	765.83	14.28	32.35	15.3	66.32	220.01
337	13925.8	1.04	275.98	337.06	1184.69	1.04	694.15	13.81	30.78	14.29	59.7	241.63
336	14699.2	1.17	288.27	382.04	1275.5	0.927166	719.39	14.27	32.73	13.24	58.9	288.51
335	13831.8	1.14	264.93	346.11	1179.01	0.816177	674.86	12.52	30.96	9.92	55.57	289.79
334	15802.9	1.19	317.46	417.98	1434.82	0.998102	821.06	16.03	42.1	12.93	71.37	340.55
333	16624.6	0.775964	314.62	469.2	1550.85	0.918996	819.09	15.21	44.05	11.19	75.62	362.78
332	17776.7	0.791257	350.25	377.24	1186.63	0.942962	826.82	15.89	40.27	11.99	70.81	387.42
331	19114.2	0.778407	358.34	381.51	1167.12	0.846193	794.64	15.61	39.4	12.67	77.22	430.04
330	19140.8	0.728366	318.72	351.37	1105.92	0.687827	719.98	13.54	34.79	11.26	68.11	427.71
329	19497.4	0.758642	298.97	327.32	1001.51	0.657999	696.21	13.4	34.78	10.81	49.81	457.47
328	17706.9	0.756181	299.78	312.32	900.52	0.592682	684.45	13.09	32.09	9.89	47.99	396.08
327	16564	0.864263	279.33	325.21	941.11	0.610045	695.82	13.64	31.96	9.78	50.62	373.44
326	16408.2	0.471063	302.6	305.75	886.88	0.523858	702.77	13.65	29.72	9.54	44.81	366.3
325	17415.4	0.373541	316.16	308.07	932.03	0.534018	651.43	14.86	30.32	10.16	40.41	387.75
324	16936.8	0.251691	214.2	279.67	765.4	0.49053	515.14	11.22	27.64	10.73	35.88	379.63
323	15455.4	0.237333	148.66	245.33	688.67	0.393966	441.72	9.76	26.51	9.2	33.31	374.21
322	15178.2	0.244708	155.24	262.53	723.61	0.445482	473.5	8.72	29.09	9.16	35.71	373.26
321	16569.4	0.252125	124.85	276.74	726.67	0.639449	456.03	8.4	30.05	9.02	36.27	409.73
320	17899.7	0.222823	98.29	280.86	697.9	0.236283	434.41	8.52	26.82	8.84	34.86	447.18
319	14291.5	0.232544	100.35	278.69	700.07	0.270295	428.59	8.43	27.86	7.56	35.16	369.24
318	11916.7	0.246101	102.4	269.48	756.36	0.301329	463.28	7.43	30.39	7.46	38.82	331.74
317	11657.2	0.253571	104.24	210.24	774.01	0.285884	470.2	6.69	30.4	7.48	42.17	330.67
316	11323.2	0.252558	101.26	200.05	768.88	0.275915	465.85	6.2	30.46	6.12	36.62	311.99
315	11074.6	0.255492	100.28	203.03	778.43	0.252322	463.45	6.11	30.8	5.91	35.07	319.24
314	10975.6	0.255699	99	190.94	797.53	0.239571	466.54	5.8	31.2	5.65	35.84	322.74
313	10233.6	0.250878	88.33	180.14	786.93	0.226677	447.11	4.88	28.19	5.36	32.96	285.46
312	9888.61	0.243064	85.57	168.15	677.39	0.218286	427.52	5.17	25.42	4.82	32.28	269.33
311	10058.8	0.299152	96.03	203.21	626.42	0.248682	472.9	5.93	33.98	6.47	38.08	286.04
310	9818.35	0.253927	91.6	173.39	632.3	0.226282	480.36	5.65	25.75	5.38	40.13	300.48
309	9330.55	0.248818	85.93	163.37	621.62	0.213886	471.33	5.68	22.22	4.56	38.44	299.79
308	8790.92	0.252393	88.82	168.44	643.57	0.218506	466.28	5.35	21.71	4.79	38.13	304.7
307	8253.69	0.244642	77.97	160.03	566.63	0.209109	474.91	5.23	21.45	4.25	34.79	297.26
306	8038.77	0.242402	73.22	158.61	566.68	0.201437	410.17	5.19	18.23	4	34.9	289.76
305	8253.55	0.238859	71.89	165.95	578.85	0.203891	380.65	5.29	17.99	3.73	35.86	299.33
304	8071.26	0.233271	70.03	141.74	494.21	0.202712	360.4	5.19	17.8	3.46	34.36	294.1
303	8200.64	0.238759	72.25	135.76	486.54	0.213041	366.73	5.27	18.39	3.48	35.64	296.51
302	8036.49	0.231016	71.59	129.48	442.31	0.201947	354.39	5.12	17.92	3.46	39.75	292.65
301	7790.15	0.228627	69.64	130.8	454.74	0.196271	347.61	5.3	17.72	3.5	42.74	294.92
300	7708.99	0.226581	67.57	126.7	424.98	0.192635	332.39	4.78	17.24	3.36	40.5	297.02
299	7871.69	0.227107	71.06	120.31	418.18	0.196787	330.92	4.76	16.88	3.31	28.7	303.01
298	7315.54	0.212956	63.82	121.37	424.41	0.193879	333.36	5.05	17.55	3.73	29.35	273.13
297	6635.75	0.209825	62.68	122.35	427.54	0.194469	337.63	5.03	17.87	3.61	29.73	255.38
296	6559.49	0.203442	61.4	123.4	427.37	0.192662	316.72	4.4	16.11	3.22	28.4	251.9
295	5950.07	0.197339	59.01	123.86	536.12	0.180406	307.91	3.7	15.18	2.88	26.96	218
294	6357.6	0.21043	62.3	119.62	346.06	0.192428	314.68	4.12	19.42	3.3	28.53	241.58
293	6618.14	0.206483	59.26	105.59	329.57	0.192903	299.25	4.24	14.6	3.2	28.18	253.59
292	7143.58	0.217488	64.27	120.78	326.01	0.220927	320.88	4.91	14.21	3.75	31.9	273.57
291	7459.69	0.217437	62.57	113.31	316.33	0.194292	309.07	4.5	14.02	3.53	30.67	285.47
290	7144.38	0.210354	61.3	99.76	293.38	0.180246	294.66	3.69	13.92	3.02	26.23	271.27
289	7022.76	0.20599	55.17	102.92	275.68	0.186642	298.89	3.52	14.33	3.01	26.32	259.85
288	7407.41	0.202055	54.75	86.35	273.17	0.180309	296.26	3.45	13.24	3.04	26.38	276.28
287	7379.95	0.20375	55.04	87.3	274.68	0.170845	300.47	3.62	11.89	2.99	26.49	278.66
286	7207.76	0.208133	56.18	87.99	278.59	0.171728	305.71	3.68	12.66	3.13	26.82	271.12
285	7078.5	0.205861	54.74	83.76	265.31	0.166887	287.43	3.19	10.24	2.88	24.5	263.27
284	6767.31	0.194124	53.18	85.72	271.56	0.166645	291.69	2.89	10.26	3.08	26.86	250.93
283	6468.4	0.200558	55.75	87.64	279.15	0.186771	305.88	3.24	10.62	3.36	28.47	239.52
282	6130.53	0.202711	56.39	88.84	285.94	0.200415	307.75	3.48	10.87	3.82	28.79	228.12
281	6153.85	0.202785	57.11	88.65	283.93	0.201337	305.09	3.54	10.86	4.04	27.76	227.1
280	5753.09	0.201835	54.69	86.31	275.69	0.197236	296.3	3.46	10.55	4.29	27.35	211.84
279	5780.9	0.202785	55.33	86.75	280.48	0.19794	297.42	3.54	10.38	4.4	28.76	212.55
278	5904.83	0.203628	55.74	88.58	286.13	0.199005	296.53	3.62	10.5	4.39	28.33	216.59
277	5750.8	0.204604	56.49	88.13	289.14	0.206495	297.93	3.7	10.63	4.92	28.54	206.32
276	5526.64	0.206644	55.96	88.4	293.2	0.212616	298.33	3.76	10.6	4	30.15	193.7
275	5930.32	0.196928	54.92	85.21	284.23	0.199053	286.95	3.67	10.28	3.38	27.51	198.57
274	6008.42	0.204177	56.81	86.58	275.7	0.211949	295.45	3.58	10.83	3.15	28.79	205.04
273	6031.6	0.211016	58.2	88.12	277.86	0.212676	300.19	3.58	10.92	3.02	27.13	210.4
272	6011.45	0.210549	60.33	90.54	289.19	0.215947	304.01	3.66	11.22	2.96	27.75	213.46
271	5708.52	0.21515	59.74	88.62	295.47	0.220531	308.09	3.89	11.34	3.09	28.66	199.79
270	5590.69	0.21852	60.73	89.54	297.26	0.220316	314.32	4.04	11.53	3.22	29.67	195.38
269	5605.51	0.232064	59.48	91.28	299.88	0.218207	317.08	3.92	11.92	3.06	31.4	193.95
268	5725.59	0.256232	64.62	95.9	302.21	0.223181	333.38	4.02	11.89	2.98	28.53	199.63
267	5678.19	0.263983	65.47	94.87	309.51	0.2073	336.6	3.8	11.95	3.01	27.73	193.03
266	5831.79	0.25732	63.95	100.23	316.69	0.210581	339.63	4	12.26	2.85	27.8	199.74
265	5647.21	0.260489	59.43	95.13	310.38	0.211569	338.76	3.97	12.18	3.14	29.35	196.72
264	5446.91	0.248414	60.11	87.09	291.91	0.206147	304.14	3.69	11.96	3.12	28.18	188.09
263	4826.48	0.264439	50.89	87.42	298.4	0.214811	303.46	4.18	11.49	3.51	29.96	166.59
262	4781.99	0.260733	50.72	86.82	291.27	0.209909	299.87	4.12	11.54	3.4	29.31	161.25
261	4772.02	0.251825	50.16	85.49	283.67	0.194931	297.39	4.13	11.5	3.35	29.1	158.66
260	4610.48	0.279944	53.14	89.77	302.48	0.194807	308.61	4.44	12.12	3.51	32.07	148.31
259	4426.89	0.23861	52.58	91.7	310.49	0.212189	311.12	5.02	12.28	3.92	36.14	144.15
258	4370.81	0.234039	52.12	91.19	306.88	0.211324	308.59	4.97	12.34	3.69	33.52	141.86
257	4328.41	0.237016	51.67	91.86	305.4	0.211072	295.86	4.97	11.95	3.56	32.28	138.96
256	4229.36	0.214774	51.4	90.41	305.46	0.218456	292.66	4.91	11.97	3.64	31.16	135.09
255	4317.48	0.203318	52.35	92.96	296.24	0.22274	292.46	4.73	12.41	3.81	33.61	136.58
254	4409.32	0.202676	53.38	91.54	308.69	0.231441	297.48	4.85	12.44	3.91	36.74	139.08
253	4403.74	0.206532	54.54	93.22	315.8	0.24618	302.34	4.97	12.74	4.13	35.72	139.33
252	4338.71	0.197529	55.14	95.76	327.14	0.235162	301.46	5.04	12.98	4.44	34.21	136.16
251	4163.07	0.193606	52.62	94.5	327.7	0.237538	291.47	4.93	12.52	4.47	28.64	130.11
250	4174.73	0.196131	54.09	97.23	338.25	0.238268	299.15	4.78	12.73	4.79	29.76	131.26
249	4200.67	0.203299	56.28	101.04	346.43	0.243301	306.47	5.17	12.65	4.77	31.79	126.31
248	3892.35	0.186119	51.55	93.13	339.1	0.228646	287.44	4.79	11.24	4.39	26.38	117.76
247	3926.07	0.181487	51.58	93.64	345.09	0.232506	292.33	4.23	10.86	4.25	26.02	117.5
246	3682.84	0.175787	47.62	89.5	331.85	0.216154	282.48	3.97	10.44	3.97	19.79	110.11
245	3792.4	0.177882	49.27	91.85	350.79	0.222205	286.17	3.97	10.61	4.23	20.18	113.17
244	3630.7	0.17351	48.09	88.17	346.58	0.210635	264.31	3.77	10.26	3.93	18.69	109.69
243	3631.04	0.171754	46.61	86.24	330.05	0.210871	258.58	3.64	10.07	4.03	17.45	108.73
242	3905.95	0.182078	51.73	95.57	342.43	0.231746	283.74	4.07	11.25	4.75	19.75	117.25
241	3924.97	0.184041	52.84	97.72	324.26	0.237664	282.8	4.16	11.48	4.85	19.94	117.67
240	4065.2	0.189768	55.53	100.57	333	0.248516	293.5	4.34	11.79	5.37	21.22	122
239	3582.88	0.178393	48.49	93.74	313.84	0.204067	251.75	3.64	10.02	4.44	19.86	106.84
238	3625.04	0.179082	48.26	95.29	298.86	0.207831	246.52	3.76	9.93	4.39	20.76	109.85
237	3637.52	0.181358	48.21	99.85	284.36	0.211752	250.46	3.78	10.24	4.62	18.74	111.22
236	3154.95	0.164167	41.58	83.04	236.24	0.164254	213.91	3.09	9.13	3.78	15.69	96.71
235	3882.59	0.200778	61.73	111.33	301.29	0.233825	277.11	3.95	14.11	5.01	20.06	115.97
234	4130.81	0.209303	64.23	111.89	325.97	0.249074	291.46	4.38	14.44	5.53	20.97	123.5
233	4161.27	0.214441	66.04	112.75	318.4	0.252026	294.53	4.35	14.61	5.6	21.88	125.7
232	4122.94	0.213031	61.61	112.33	320.11	0.256975	288.75	4.41	13.66	5.86	22.75	122.92
231	4226.06	0.209995	66.01	116.27	323.14	0.267264	294.4	4.46	14.89	5.76	21.96	130.05
230	4228.75	0.211518	67.79	118.04	333.21	0.268641	296.5	4.5	15.2	5.71	24.86	128.29
229	4599.88	0.22364	78.48	120.84	343.91	0.293376	329.43	4.98	17.81	6.17	30.78	137.61
228	4597.12	0.226186	80.11	121.63	347.17	0.301941	334.34	5.16	19.02	6.22	21.36	136.18
227	4376.53	0.215189	71.29	118.82	327.23	0.286227	312.99	4.98	16.58	6.03	22.8	129.42
226	4236.31	0.204968	65.21	106.17	316.13	0.27322	295.17	4.66	15.84	5.77	21.83	114.13
225	4582.96	0.228811	76.84	126.01	356.39	0.307264	347.48	5.2	18.57	6.59	30.32	130.99
224	4578.77	0.226669	79.02	124.8	350.17	0.295884	348.98	5.23	20.08	6.34	31.72	131.33
223	4892.01	0.248479	86.04	141.2	393.35	0.33231	387.74	5.74	21.94	7.25	32.01	140.97
222	4703.39	0.25563	71.06	140.41	378.32	0.337213	383.04	5.94	16.38	7.28	33.16	135.63
221	4565.3	0.228006	64.17	132.38	368.34	0.295817	378.49	5.48	15.66	7.33	33.1	136.06
220	4579.02	0.218564	63.17	133.03	359.55	0.283717	370.67	5.45	15.79	6.96	33.66	128.24
219	4382.66	0.224508	62.36	145.4	356.78	0.278257	347.75	5.26	15.79	7.24	38.45	118.75
218	4382.88	0.202995	61.16	130.68	362.89	0.274641	347.89	5.23	16.02	6.97	40.09	114.99
217	4352.4	0.212577	51.75	138.05	399.85	0.268393	333.88	5.32	15.29	6.3	38.59	116.13
216	4371.6	0.217828	51.18	108.26	315.89	0.270482	331.92	5.27	15.28	6.06	40.3	100.87
215	4334.68	0.218958	50.19	86.29	315.37	0.265512	325.61	5.02	15.14	6	42.05	127.08
214	4151.52	0.246827	53.25	90.33	292.57	0.249603	317.52	4.6	15.29	5.88	40	127.97
213	4100.52	0.239286	46.73	91.16	291.5	0.254089	314.79	4.46	14.39	5.68	35.85	120.44
212	4001.74	0.191918	47.94	77.82	279.58	0.252456	321.59	4.39	14.56	5.47	35.3	115.91
211	4087.66	0.158735	46.23	54.71	294.2	0.271441	301.43	4.86	13.89	5.73	38.19	116.77
210	4193.7	0.155057	45.48	55.96	288.7	0.256137	297.47	4.43	13.7	5.66	39.97	120.04
209	4160.62	0.158883	47.28	46.69	224.28	0.243244	295.59	4.3	13.81	5.62	38.85	121.08
208	4331.69	0.157498	43.91	47.45	233.62	0.244955	301.46	4.58	13.93	6.15	40.69	117.9
207	4376.63	0.160431	44.15	48.78	232.02	0.258012	302.27	4.83	14.19	6.05	45.54	119.36
206	4181.93	0.161221	43.31	48.74	203.52	0.247928	289.82	4.79	13.69	6.09	47.49	112.26
205	4325.13	0.169991	45.8	49.75	199.44	0.256048	300.1	4.72	14.08	6.05	47.43	112.73
204	4073.26	0.168092	45.81	47.76	198.17	0.257339	298.06	4.79	14.3	6.52	46.65	103.23
203	3884.71	0.173853	46.43	49.37	205.49	0.278085	310.6	5.05	14.81	6.79	36.61	104.76
202	3650.62	0.179307	47.1	50.65	205.79	0.295213	308.86	5.54	15.17	7.58	33.5	98.96
201	3381.28	0.180399	46.5	49.47	200.96	0.294135	295.89	5.6	15.19	7.91	36.18	91.54
200	3342.47	0.182947	48.01	50.96	199.21	0.279883	296.03	5.27	15.38	7.53	21.75	85.91
199	3419.94	0.192586	48.63	51.94	203.84	0.275143	296.77	5.41	15.88	7.87	18.27	86.51
198	3378.94	0.179021	45.8	50.21	197.19	0.280321	269.18	5.64	15.31	7.62	18.68	83.05
197	3213.94	0.180444	45.1	47.83	189.13	0.248318	261.57	5.21	15.35	6.72	15.21	79.32
196	3252.91	0.184737	46.86	48.58	193.83	0.228656	256.51	4.32	15.93	7.12	14.02	79.13
195	2895.89	0.173743	43.45	45.12	186.97	0.22424	223.07	3.67	15.04	6.61	10.43	70.9
194	2804.73	0.174612	42.86	43.36	186.99	0.22689	225.34	3.84	15.37	6.04	10.67	69.35
193	2710.67	0.173113	42.13	43.63	182.93	0.219719	219.95	3.51	14.77	5.57	8.11	64.93
192	2718.26	0.177053	43.04	44.15	184.75	0.181054	226.77	3.01	14.57	5.92	7.86	52.44
191	2875.34	0.167386	43.02	39.84	178.51	0.165068	203.87	2.78	14	5	7.33	66.14
190	2757.18	0.165082	40.42	39.62	172.82	0.1605	197.98	2.72	13.81	4.85	7.15	61.52
189	2726.45	0.169871	41.12	43.89	185.25	0.170197	205.79	2.87	14.4	5.22	7.26	64.96
188	2809.01	0.165937	40.61	43.96	185.61	0.165774	193.12	3	14.16	4.61	7.09	69.28
187	2671.78	0.173457	42.14	45.24	194.09	0.170475	204.32	2.75	14.66	4.97	7.72	65.09
186	2529.45	0.173822	42.23	45.8	194.37	0.156463	203.95	2.74	14.77	5.06	7.17	62.68
185	2576.48	0.178104	42.24	40.68	195.52	0.158206	206.71	2.91	14.92	4.82	7.35	63.65
184	2754.86	0.192002	44.41	45.58	204.02	0.169644	224.71	3.52	15.88	5.77	8.46	67.02
183	2730.4	0.195058	44.06	42.67	191.03	0.166136	225.95	3.65	15.78	6.17	8.57	60.14
182	2810.12	0.19332	46.56	44.71	195.31	0.176768	229.48	3.9	16.51	6.78	8.62	67.31
181	2667.76	0.182608	45.76	40.34	185.86	0.143792	218.31	3.24	16.14	6.22	7.42	67.21
180	2817.6	0.188295	45.02	40.3	188.59	0.152087	227.26	3.25	16.06	5.38	7.21	69.79
179	2273.43	0.168388	40.86	35.06	155.65	0.126825	199.7	2.64	14.83	3.85	5.88	56.61
178	2318.88	0.188718	44.3	36.38	158.07	0.132327	234.39	2.83	16.4	4.18	6.02	58.29
177	2228.41	0.177889	42.67	34.83	153.85	0.133729	193.42	2.52	15.5	3.88	5.77	55.49
176	1929.82	0.148056	40.91	29.43	132.64	0.097294	157.36	1.97	14.18	2.88	5.04	48.05
175	1998.86	0.170589	38.92	32.09	140.14	0.111478	170.66	2.04	14.77	3.19	5.03	44.57
174	2233.34	0.190769	42.8	35.48	161.08	0.117498	199.66	2.43	17.55	3.29	5.54	55.53
173	2357.9	0.200809	46.33	38.23	171.24	0.122953	209.73	2.9	18.36	3.68	6.29	57.64
172	2398.84	0.205354	48.75	40.39	179.89	0.133841	230.77	3.05	19.94	4.35	6.63	58.26
171	2337.79	0.185019	45.33	37.14	165.73	0.119303	197.4	2.59	14.72	2.98	5.4	55.07
170	2372.56	0.203165	46.58	40.01	174.4	0.132048	215.36	2.82	15.48	3.04	6.03	53.97
169	2518.44	0.233416	49.58	44.85	195.64	0.152993	242.14	3.75	16.26	4.28	6.9	58.96
168	2571.34	0.236134	52.14	46.1	209.2	0.158505	251.7	3.93	16.99	4.95	7.45	60.18
167	2518.66	0.23948	46.58	44.25	196.46	0.156905	245.99	3.77	16.75	4.92	6.77	56.58
166	2608.56	0.254641	51.13	50.12	213.17	0.169307	270.55	4.34	17.91	6.22	7.84	59.06
165	2601.99	0.256523	53.19	45.72	209.48	0.174562	268.77	4.56	17.77	5.99	8.03	57.08
164	2601.64	0.254709	55.33	45.47	183.06	0.18835	273.3	4.32	18.05	6.32	7.78	55.48
163	2564.06	0.259959	46.43	43.63	180.79	0.176653	282.9	3.81	17.85	5.95	8.22	53.36
162	2506.47	0.259449	41.57	42.79	173.49	0.159311	287.99	3.62	17.91	5.88	8.1	52.04
161	2434.55	0.254744	38.99	40.96	165.71	0.145722	274.6	3.7	17.81	5.55	7.95	50.04
160	2480.84	0.26293	40.35	43.73	181.77	0.159532	294.92	3.57	18.92	6.3	8.73	51.39
159	2539.32	0.265421	41.07	45.02	177.17	0.163684	302.88	3.91	18.66	6.59	9.77	51.84
158	2574.79	0.280455	42.85	47.32	184.13	0.170694	327.93	4.24	19.65	6.97	8.38	52.11
157	2552.45	0.276306	40.54	43.57	176.02	0.163454	293.09	4.29	19.14	6.68	6.83	50.56
156	2478.45	0.277288	41.13	43.49	162.89	0.162366	272.69	3.83	19.58	6.36	5.53	48.33
155	2589.41	0.298423	43.92	45.89	172.88	0.177182	303.25	4.62	21.42	7.08	5.95	51.16
154	2608.72	0.31111	44.49	48.03	182.62	0.18616	323.7	4.86	20.19	7.69	6.3	52.87
153	2744.91	0.319978	47.34	51.41	189.26	0.197522	341.74	5.21	21.34	8.35	6.84	55.67
152	2705.41	0.297848	47.71	47.28	177.06	0.182819	336.37	4.92	20.79	7.12	6.94	52.3
151	2689.1	0.296366	47.79	46.59	178.81	0.191312	336.87	4.89	20.7	6.98	10.15	51.27
150	2721.79	0.324427	47.22	48.08	187.91	0.199343	359	5.07	21.68	7.03	8	52.42
149	2589.6	0.296068	50.32	49.09	201.26	0.195966	370.06	5.15	22.95	7.7	11.72	51.38
148	2548.29	0.2846	46.04	49.6	193.53	0.198033	371.46	4.99	22.07	7.42	5.26	50.9
147	2655.88	0.268351	47.65	50.46	178.13	0.204418	379.41	5.18	23.27	7.76	3.76	51.03
146	2518.56	0.262068	35.7	48.11	166.25	0.192579	370.23	5.16	18.4	8.09	2.77	50.94
145	2464.58	0.259266	30.22	46.02	163.35	0.194843	361.93	5.28	18.36	7.96	1.78	49.18
144	2506.37	0.278447	30.22	46.3	163.21	0.201501	359.05	5.09	18.84	8.07	1.74	47.83
143	2717.02	0.266153	30.64	51.8	183.97	0.210863	397.54	5.77	20.74	9.46	1.81	50.87
142	2659.63	0.253964	29.5	50.04	170.78	0.202731	401.49	5.36	20.33	7.49	1.51	45.68
141	2958.11	0.272759	33.22	58.7	188.27	0.218017	340.61	6.32	21.57	8.7	1.67	53
140	2947.71	0.260874	30.44	52.28	152	0.202606	337.67	5.82	19.66	7.11	1.68	54.04
139	2823.81	0.286019	29.68	55.62	148.93	0.215685	281.74	6.34	17.45	8.6	1.55	49.97
138	2805.62	0.289678	30.21	56.19	145.03	0.219575	261.67	5.82	17.54	9.36	1.36	41.43
137	2732.16	0.279783	28.39	52.54	140.36	0.209825	258.07	5.27	17.51	9.39	1.28	35.93
136	2863.2	0.284548	30.55	55.57	145.19	0.233988	264.47	5.51	17.49	10.62	1.34	37.99
135	2686.81	0.294003	30.84	48.26	144.92	0.236163	248.46	5.64	17.31	10.4	1.28	32.14
134	2511.81	0.299413	27.94	42.9	143.35	0.215562	245.33	5.35	17.48	10.48	1.26	25.55
133	2515.35	0.29458	27.66	42.37	144.29	0.215075	224.38	5.19	16.26	9.3	1.26	25.59
132	2488.55	0.303448	28.94	44	145.29	0.227844	223.78	4.53	17.38	8.68	1.35	24.19
131	2407.88	0.333657	28.8	43.7	136.08	0.230595	222.24	3.44	16.83	6	1.24	22.18
130	2286.41	0.24659	25.3	41.83	135.97	0.202065	230.67	2.95	17.68	5.09	1.03	18.9
129	2175.47	0.205324	24.14	39.79	121.13	0.186042	231.91	2.38	18.54	5.87	1.02	16.92
128	2255.61	0.23207	25.21	41.21	117.26	0.208717	194.91	2.68	17.1	3.76	0.966765	17.2
127	2155.8	0.229554	24.22	36.84	108.14	0.208126	170.51	2.47	16.13	3.12	0.930106	15.99
126	2038.87	0.212549	23.74	33.41	99.2	0.19884	157.76	2.25	16.26	2.68	0.982348	14.63
125	2202.42	0.271808	23.75	38.71	112.94	0.182618	160.4	2.49	14.26	3.03	0.826549	15.26
124	2304.98	0.246065	29.9	40.12	119.63	0.206736	174.45	2.36	16.35	2.67	1.11	15.67
123	2443.64	0.29589	34.45	45.38	144.63	0.261565	190.05	2.75	18.87	3	1.76	13.6
122	2320.42	0.323368	32.11	55.62	138.07	0.2651	181.95	2.57	11.94	2.99	0.877157	13.19
121	2173.4	0.317954	25.38	36.17	120.73	0.259399	174.26	1.87	9.9	1.95	0.720486	12.28
120	2041.2	0.336201	26.3	34.64	102.03	0.244041	157.94	1.77	9.4	2.11	0.664141	12.52
119	2084.73	0.351634	27.51	35.1	100.77	0.225015	126.52	1.64	7.41	2.01	0.665485	12.35
118	1987.71	0.327801	27.7	31.87	98.98	0.212863	129.53	1.57	7.99	1.66	0.63186	11.22
117	1888.65	0.364869	28.36	30.33	89.73	0.214931	96.91	1.38	6.73	1.41	0.539481	10.72
116	1839.09	0.394132	25.4	26.93	83.26	0.120358	89.86	1.34	5.93	1.26	0.531643	10.11
115	1734.45	0.349861	23.33	26.26	85.59	0.1074	89.44	1.26	6.26	1.24	0.463667	9.81
114	1738.43	0.27072	25.37	27.79	91.49	0.117825	92.41	1.4	6.41	1.2	0.470057	9.1
113	1808.91	0.220223	28.89	28.53	89.8	0.125946	90.79	1.37	6.83	1.28	0.477543	8.79
112	1804.91	0.214878	28.91	28.47	89.35	0.127062	90.84	1.19	6.14	1.25	0.484544	8.45
111	1724.24	0.206068	27.45	28.68	86.8	0.130036	88.66	1.11	6.34	1.26	0.487684	7.41
110	1848.57	0.183135	30.72	29.51	91.54	0.109908	89.88	1.2	6.48	1.32	0.481077	7.7
109	1787.13	0.186066	31.96	29.84	91.52	0.111377	89.52	1.2	6.6	1.26	0.503894	7.69
108	1755.36	0.160074	33.58	28.66	93.3	0.111753	91.16	0.917445	6.44	1.13	0.44937	7.93
107	1723.35	0.198212	28.96	30.47	101.1	0.118875	91.42	0.818904	6.66	1.18	0.496572	8.01
106	1596.71	0.141763	30.29	32.78	106.28	0.099328	94.01	0.789317	7.12	1.18	0.535792	7.95
105	1578.8	0.101791	28.16	28.98	99.76	0.073401	97.81	0.798015	7.27	1.2	0.58767	8.22
104	1555.45	0.09355	26.27	28.45	99.01	0.072928	94.4	0.732555	7.53	1.2	0.576426	5.78
103	1537.67	0.078914	23.39	25.99	92.8	0.063401	96.98	0.715918	7.63	1.16	0.500309	7
102	1490.09	0.06049	21.04	25.2	90.08	0.052956	79.72	0.669789	6.67	1.04	0.343782	7.61
101	1452.82	0.053908	15.89	23.04	86.24	0.051829	77.26	0.6223	6.58	0.812072	0.314833	7.88
100	1421.6	0.055115	15.92	22.77	88.12	0.052053	76.3	0.597523	6.89	0.747317	0.318838	8.19
99	1347.89	0.051607	15.71	23.72	91.55	0.050966	79.02	0.593739	6.52	0.732536	0.360099	8.88
98	1321.79	0.052868	15.74	22.76	94.95	0.048039	68.38	0.58611	5.42	0.729943	0.271729	8.97
97	1316.48	0.044475	14.34	22.35	79.49	0.048639	70.16	0.600954	4.84	0.683122	0.229255	9.14
96	1317.73	0.034816	14.62	21.21	78.17	0.046975	62.17	0.559958	4.95	0.61986	0.202092	8.45
95	1281.08	0.032797	14.85	19.37	71.53	0.049937	52.72	0.557545	4.59	0.6376	0.184577	8.01
94	1265.49	0.032346	15.21	19.65	72.07	0.037436	49.89	0.549486	3.96	0.590839	0.183504	9.25
93	1250.15	0.031384	14.97	19.56	72.2	0.034198	50.03	0.562138	4.05	0.634239	0.173758	9.78
92	1207.21	0.031278	13.94	19.72	68.89	0.031441	48.49	0.559936	3.54	0.585091	0.17496	9.74
91	1231.71	0.03177	13.06	20.12	71.22	0.03197	48.55	0.478201	3.23	0.633149	0.183058	10.07
90	1222.05	0.03278	11.23	20.29	70.88	0.032971	48.22	0.4605	3.18	0.660851	0.178122	9.87
89	1229.08	0.029984	10.33	20.24	71.45	0.028481	49.67	0.457231	3.28	0.667942	0.184725	10.05
88	1210.29	0.030173	9.66	20.39	72.28	0.032498	48.31	0.457649	3.14	0.681415	0.189408	10.18
87	1211.67	0.033183	10.32	21.06	72.83	0.028338	50.71	0.431094	2.89	0.700032	0.180479	9.74
86	1193.91	0.033655	10.42	20.56	75.64	0.026132	48.3	0.444683	2.62	0.669994	0.191489	8.74
85	1182.94	0.033462	10.71	20.46	75.34	0.024114	48.72	0.432685	2.63	0.676857	0.192076	9.7
84	1172.52	0.033955	10.79	20.71	75.01	0.024322	49.1	0.425766	2.68	0.678061	0.192164	10.8
83	1167.54	0.033779	10.39	20.59	70.77	0.022076	47.57	0.429333	2.64	0.610367	0.192958	9.69
82	1169.28	0.034383	10.15	21.48	72.57	0.021136	50.22	0.437049	2.62	0.542483	0.191686	11.95
81	1200.37	0.034336	10.79	21.76	68	0.020753	46.29	0.418725	2.62	0.419679	0.195553	10.55
80	1205.01	0.032952	8.85	21.36	60.53	0.019801	43.41	0.447008	2.54	0.41337	0.197826	8.41
79	1187.13	0.033598	8.92	21.83	61.31	0.020881	43.44	0.414832	2.6	0.422815	0.207874	6.12
78	1187.87	0.03402	8.71	20.68	64.7	0.020015	43.27	0.392766	2.64	0.421928	0.188861	5.92
77	1175.95	0.035849	9.92	20.83	67.75	0.018439	44.31	0.380812	2.72	0.448099	0.190221	5.73
76	1176.9	0.036319	9.37	19.39	66.19	0.016876	42.16	0.38624	2.73	0.427865	0.188531	5.45
75	1182.68	0.032665	10.25	19.27	66.53	0.016597	43.24	0.400497	2.68	0.452586	0.18643	5.2
74	1124.78	0.035544	11.09	19.62	74.37	0.017454	45.3	0.417318	2.76	0.416731	0.184719	4.79
73	1133.25	0.037455	8.29	21.35	69.07	0.018258	44.64	0.370456	2.67	0.38575	0.185002	4.76
72	1143.81	0.033023	8.07	20.33	61.76	0.02	44.36	0.383308	2.6	0.341476	0.199703	4.42
71	1102.17	0.061159	7.74	20.14	57.07	0.016086	48.75	0.344632	2.64	0.276256	0.20548	3.91
70	1080.5	0.021892	6.88	21.5	68.6	0.017632	50.7	0.350208	2.76	0.24656	0.205017	4.01
69	1071.79	0.020889	6.67	20.54	74.91	0.014928	50.04	0.376973	2.83	0.198193	0.203541	3.49
68	1026.43	0.013276	6.98	20.88	79.61	0.014036	52.21	0.381375	2.83	0.198118	0.210556	3.35
67	1039.97	0.010101	4.19	21.14	84.4	0.014892	53.13	0.401914	2.33	0.203608	0.212428	3.4
66	1047.15	0.009514	4.16	19.81	87.89	0.013647	50.77	0.374437	2.27	0.179755	0.220632	3.34
65	1045.77	0.009597	4.08	19.66	85.66	0.013332	49.67	0.361338	2.13	0.173743	0.186426	3.25
64	966.73	0.009545	4.06	19.61	93.63	0.013527	50.52	0.318849	2.31	0.187084	0.160384	2.97
63	972.78	0.009116	4.07	20.14	94.33	0.01271	51.25	0.301237	2.28	0.131945	0.167305	3.04
62	937.52	0.010518	4.08	21.1	97.27	0.013891	53.11	0.280473	2.41	0.114551	0.166465	3.32
61	1038.59	0.010582	3.98	21.82	101.43	0.01502	43.68	0.27272	2.29	0.13146	0.166412	2.02
60	1049.14	0.007301	3.94	21.42	101.51	0.016312	42.34	0.272987	2.4	0.135158	0.173143	1.83
59	1120.54	0.006909	4.01	21.29	95.38	0.0158	43.15	0.290301	2.43	0.137328	0.164934	1.89
58	1054.23	0.006975	4.03	22.51	100.05	0.014328	43.39	0.284629	1.95	0.125509	0.153898	1.79
57	1036.74	0.006912	3.96	23.29	108.23	0.016474	44.74	0.278302	1.92	0.1098	0.15756	1.74
56	973.82	0.00671	3.97	20.07	109.24	0.011957	34.16	0.261998	1.7	0.09475	0.158987	1.6
55	1100.23	0.006116	4.06	22.35	99.14	0.011788	46.83	0.268144	1.91	0.098099	0.139902	1.73
54	1187.81	0.006394	4.24	22.48	89.81	0.011102	46.35	0.310488	2.13	0.091484	0.131867	1.84
53	1249.61	0.006314	4.16	18.98	95.09	0.011237	35.06	0.304406	1.8	0.095897	0.128653	1.89
52	1240	0.006381	4.06	17.76	88.24	0.011614	28.65	0.253599	1.66	0.100155	0.133681	1.89
51	1231.92	0.006385	4.17	18.13	74.61	0.010914	28.59	0.2724	1.65	0.102315	0.136979	1.86
50	1221.38	0.006255	3.84	16.79	77.08	0.009894	23.44	0.256818	1.42	0.092499	0.140575	1.73
49	1175.83	0.006238	3.8	14.69	72.93	0.009836	21.47	0.219194	1.38	0.082104	0.142142	1.88
48	1116.72	0.006227	3.75	13.21	50.42	0.009141	19.33	0.199242	1.3	0.078365	0.131476	1.65
47	1188.49	0.006498	3.84	13.03	51.06	0.009042	17.75	0.205576	1.32	0.080876	0.132026	1.57
46	1150	0.006509	3.78	12.47	42.33	0.009314	16.65	0.195051	1.29	0.077563	0.116242	0.910482
45	1223.54	0.006534	3.82	13.53	45.68	0.01097	18.89	0.214041	1.37	0.086668	0.122573	0.928556
44	1272.83	0.006057	3.92	15.41	46.5	0.010823	19.61	0.239479	1.43	0.093419	0.12345	0.929657
43	1267.12	0.006129	3.9	15.18	42.31	0.011338	19.3	0.22879	1.4	0.097159	0.121757	0.87769
42	1255.15	0.006299	3.88	13.67	43.38	0.009567	18.62	0.195779	1.43	0.095387	0.119901	0.861036
41	1274.99	0.006339	3.92	13.91	47.38	0.008887	19.46	0.202294	1.44	0.099876	0.122444	0.874886
40	1251.01	0.005991	3.92	13.11	42.44	0.008818	19.03	0.188478	1.36	0.098469	0.119301	0.84983
39	1222.5	0.005408	3.8	12.33	42.54	0.00785	17.35	0.196167	1.4	0.085343	0.135197	0.841962
38	1179.97	0.005536	3.77	12.28	32.51	0.007034	15.82	0.195859	1.24	0.077818	0.117443	0.803977
37	1179.97	0.005609	3.8	11.96	28.18	0.006415	15.4	0.221919	1.23	0.078784	0.115376	0.804716
36	1165.2	0.005671	3.83	11.89	28.11	0.006447	14.52	0.215897	1.25	0.081541	0.114986	0.799392
35	1143.84	0.005665	3.83	11.85	26.76	0.00634	13.55	0.214795	1.21	0.081161	0.114526	0.779878
34	1173.68	0.005701	3.85	11.92	26.2	0.006571	13.07	0.221182	1.21	0.075547	0.121185	0.800726
33	1166.72	0.005895	3.84	12.87	25.22	0.006853	13.12	0.221672	1.22	0.077983	0.118724	0.716413
32	1117.44	0.00586	3.81	12.77	22.12	0.006388	12.6	0.225359	1.21	0.077146	0.121959	0.751017
31	1115.3	0.005832	3.78	12.34	21.25	0.006326	12.67	0.220769	1.24	0.079149	0.121561	0.765488
30	1079.98	0.005873	3.77	12.22	21.59	0.006559	12.43	0.246662	1.22	0.078187	0.121475	0.744051
29	1047.87	0.005878	3.76	12.99	22.55	0.006352	12.76	0.240916	1.22	0.078151	0.122905	0.722082
28	1054.42	0.005569	3.79	13.36	21.41	0.006863	12.81	0.241144	1.22	0.075397	0.124431	0.723435
27	1046.21	0.005935	3.83	13.3	20	0.007113	12.68	0.252515	1.23	0.082092	0.122661	0.712135
26	1027.44	0.006027	3.79	13.1	19.52	0.007039	12.9	0.247579	1.24	0.082273	0.126088	0.738451
25	1007.48	0.006147	3.81	13.62	19.63	0.007093	12.92	0.244826	1.26	0.087122	0.112729	0.725943
24	1004.55	0.006278	3.77	12.99	18.15	0.00673	13.03	0.242459	1.25	0.077312	0.116603	0.730306
23	990.64	0.006251	3.72	12.2	16.88	0.006635	11.27	0.247048	1.19	0.076966	0.118286	0.711195
22	999.18	0.006269	3.76	12.33	16.91	0.0069	11.4	0.250045	1.23	0.081639	0.121566	0.696708
21	1004.45	0.006333	3.79	12.24	17.15	0.006992	11.35	0.242829	1.24	0.082252	0.125607	0.702202
20	988.67	0.006289	3.78	11.98	16.67	0.006338	11.28	0.236728	1.26	0.085885	0.125761	0.634202
19	994.38	0.006374	3.8	12.12	16.58	0.006323	11.03	0.248226	1.27	0.0886	0.127476	0.566729
18	1063.07	0.006438	4.02	12.8	17.35	0.006661	11.43	0.264578	1.45	0.095119	0.129568	0.573734
17	1061.35	0.006407	4.04	12.65	17.14	0.006917	11.52	0.255401	1.47	0.096076	0.133135	0.4254
16	1038.15	0.00645	4.04	12.88	17.12	0.006039	11.39	0.264725	1.47	0.095773	0.126788	0.447002
15	1027.34	0.006442	4.04	12.8	17.06	0.006389	11.35	0.224531	1.39	0.087231	0.131582	0.465195
14	1042.9	0.006492	4.06	12.61	17.62	0.007173	11.43	0.220949	1.39	0.088284	0.135867	0.568446
13	1029.91	0.006474	4.08	12.86	17.52	0.006938	11.11	0.229165	1.36	0.095879	0.134264	0.513246
12	1011.8	0.006469	4.09	13.14	16.31	0.006294	10.82	0.211941	1.36	0.09551	0.145699	0.42451
11	989.02	0.00654	4.08	13.27	16.03	0.005487	10.73	0.234411	1.36	0.090579	0.147218	0.380666
10	970.4	0.006314	4.08	12.99	16.07	0.005237	10.73	0.225899	1.36	0.090557	0.147016	0.234476
9	920.38	0.006381	4.02	12.71	15.96	0.005252	10.57	0.232355	1.35	0.095316	0.15376	0.201773
8	919.5	0.006402	3.85	12.66	15.51	0.005164	10.48	0.239095	1.3	0.105486	0.141204	0.183409
7	921.59	0.006342	3.85	12.85	15.27	0.004815	10.56	0.244768	1.3	0.098184	0.134674	0.185115
6	919.75	0.006415	3.86	12.1	15.34	0.004994	10.54	0.236538	1.28	0.105177	0.130343	0.16788
5	917.59	0.00669	3.83	11.98	15.04	0.005204	10.59	0.239054	1.33	0.085182	0.133612	0.161915
4	901.54	0.006513	3.71	11.83	14.51	0.004543	10.57	0.234391	1.29	0.081218	0.124216	0.154217
3	892.69	0.00654	3.79	11.81	14.09	0.003902	10.63	0.233617	1.36	0.075847	0.120213	0.142972
2	921.01	0.006697	3.84	12.25	15.19	0.003689	10.82	0.240485	1.41	0.087383	0.129948	0.154695
1	924.67	0.006713	3.84	12.18	15.11	0.003696	10.7	0.249543	1.38	0.076585	0.114313	0.128067
