1 7.2052 58.822 54.069 23 50.034
2 65.385 76.178 57.728 23.001 51.865
3 20.678 39.739 60.612 23.002 53.308
4 66.846 35.875 62.429 23.004 54.218
5 93.35 78.073 62.997 23.008 54.507
6 87.255 75.515 62.26 23.014 54.144
7 59.318 71.663 60.291 23.022 53.167
8 37.253 59.968 57.288 23.033 51.677
9 84.909 47.488 53.553 23.047 49.823
10 82.953 72.118 49.461 23.064 47.794
11 93.713 49.863 45.423 23.085 45.797
12 37.231 28.684 41.845 23.111 44.033
13 52.12 75.601 39.086 23.141 42.684
14 64.63 29.049 37.424 23.176 41.888
15 44.653 53.033 37.025 23.216 41.729
16 2.5857 49.51 37.93 23.262 42.227
17 57.676 43.849 40.048 23.314 43.338
18 72.839 54.381 43.165 23.373 44.956
19 54.916 56.552 46.969 23.439 46.924
20 94.373 81.82 51.078 23.512 49.051
21 88.402 57.538 55.078 23.593 51.132
22 59.753 80.531 58.568 23.681 52.966
23 89.611 73.981 61.198 23.779 54.378
24 80.082 60.975 62.702 23.885 55.236
25 28.662 33.351 62.93 24 55.465
26 98.09 30.436 61.859 24.125 55.054
27 93.941 55.775 59.597 24.26 54.058
28 30.082 25.666 56.37 24.405 52.59
29 55.984 42.198 52.504 24.561 50.813
30 2.1556 43.481 48.385 24.728 48.921
31 13.35 34.342 44.43 24.907 47.121
32 66.851 29.802 41.033 25.097 45.614
33 78.03 28.447 38.538 25.3 44.569
34 78.811 32.657 37.194 25.515 44.113
35 36.246 72.417 37.137 25.744 44.312
36 47.557 47.805 38.372 25.986 45.172
37 13.872 66.174 40.775 26.242 46.63
38 30.775 79.202 44.106 26.512 48.565
39 64.681 62.479 48.028 26.796 50.81
40 50.389 54.376 52.148 27.096 53.17
41 74.902 47.693 56.053 27.411 55.437
42 26.909 47.562 59.35 27.742 57.416
43 56.071 57.029 61.707 28.088 58.942
44 47.062 56.154 62.888 28.452 59.896
45 43.326 46.414 62.774 28.832 60.219
46 83.897 44.535 61.377 29.23 59.918
47 71.568 39.035 58.837 29.645 59.063
48 98.478 43.517 55.409 30.078 57.782
49 54.366 71.437 51.437 30.53 56.248
50 28.595 31.671 47.321 31 54.661
51 80.037 49.956 43.475 31.49 53.227
52 92.274 49.995 40.284 31.999 52.141
53 7.0684 63.462 38.069 32.528 51.563
54 58.243 26.061 37.053 33.078 51.604
55 87.78 66.089 37.337 33.648 52.317
56 72.175 75.411 38.894 34.239 53.686
57 72.017 65.686 41.567 34.852 55.636
58 19.548 51.016 45.087 35.487 58.03
59 4.6192 43.584 49.1 36.144 60.694
60 30.366 57.76 53.204 36.824 63.426
61 5.4792 59.749 56.986 37.527 66.02
62 89.363 72.559 60.066 38.253 68.286
63 68.622 64.604 62.135 39.003 70.071
64 54.491 53.38 62.985 39.777 71.27
65 79.468 47.232 62.53 40.576 71.841
66 73.597 72.115 60.816 41.4 71.808
67 34.237 76.083 58.015 42.249 71.257
68 4.7401 41.153 54.41 43.124 70.329
69 39.902 65.85 50.361 44.025 69.205
70 93.004 40.691 46.276 44.952 68.09
71 9.4278 48.217 42.565 45.906 67.189
72 88.415 32 39.601 46.888 66.688
73 12.166 62.864 37.682 47.897 66.738
74 34.801 63.374 37 48.934 67.434
75 15.223 41.242 37.625 50 68.812
76 33.167 75.302 39.493 51.094 70.841
77 25.785 68.467 42.416 52.218 73.426
78 26.844 76.28 46.102 53.371 76.422
79 12.202 36.723 50.179 54.554 79.644
80 40.349 50.672 54.238 55.768 82.887
81 23.124 76.284 57.871 57.012 85.948
82 65.135 33.486 60.714 58.288 88.644
83 97.48 59.135 62.48 59.594 90.834
84 8.3874 56.822 62.992 60.933 92.429
85 1.9257 77.082 62.199 62.304 93.404
86 81.115 75.322 60.181 63.708 93.798
87 62.028 69.712 57.139 65.144 93.714
88 36.102 39.061 53.381 66.614 93.304
89 67.511 50.92 49.282 68.118 92.759
90 58.644 47.166 45.256 69.656 92.284
91 66.712 74.256 41.706 71.229 92.082
92 18.921 81.315 38.99 72.836 92.331
93 97.296 80.392 37.38 74.479 93.169
94 4.2298 48.772 37.038 76.157 94.676
95 96.353 68.135 37.998 77.872 96.871
96 44.944 52.619 40.164 79.623 99.705
97 35.314 71.224 43.318 81.411 103.07
98 87.705 78.222 47.143 83.236 106.81
99 48.959 63.015 51.256 85.099 110.73
100 50.378 48.183 55.242 87 114.62
