-32.522 1.2994 3.6597 0.000448 1.8303
45.749 -17.491 2.8833 0.001216 1.4429
9.9433 -0.12899 1.8172 0.002368 0.91095
-43.892 -11.523 0.56848 0.003904 0.28814
80.41 8.0048 -0.73733 0.005824 -0.36284
-15.484 -0.62273 -1.9691 0.008128 -0.9764
-24.837 2.9032 -3.003 0.010816 -1.4907
-47.685 16.468 -3.7352 0.013888 -1.8537
2.1904 8.7594 -4.0921 0.017344 -2.0287
49.197 -48.351 -4.0379 0.021184 -1.9978
-18.738 39.849 -3.578 0.025408 -1.7636
37.328 -8.8127 -2.7587 0.030016 -1.3493
0.34711 -14.657 -1.6622 0.035008 -0.79607
-47.136 -10.543 -0.39864 0.040384 -0.15894
63.135 28.686 0.90492 0.046144 0.4986
-36.747 -28.376 2.1176 0.052288 1.1111
3.554 31.677 3.1175 0.058816 1.6175
24.556 -25.557 3.8041 0.065728 1.9678
-47.917 14.289 4.1086 0.073024 2.1273
12.163 -5.4769 4.0003 0.080704 2.0809
14.276 11.219 3.4901 0.088768 1.8338
-36.496 4.7867 2.6293 0.097216 1.4119
-5.4489 -4.7086 1.5043 0.10605 0.85818
15.339 -27.367 0.22812 0.11526 0.22932
57.928 -7.1801 -1.0709 0.12486 -0.41061
-68.574 -1.5744 -2.2624 0.13485 -0.99636
57.076 45.93 -3.2266 0.14522 -1.4681
-56 -26.678 -3.8666 0.15597 -1.7773
58.644 -6.7476 -4.1181 0.1671 -1.892
-58.321 -9.975 -3.9559 0.17862 -1.7993
-10.821 29.379 -3.3962 0.19053 -1.5076
-1.067 21.713 -2.4954 0.20282 -1.0449
40.859 -0.80279 -1.3438 0.21549 -0.45641
41.208 -46.174 -0.057205 0.22854 0.19994
-6.8388 -2.0246 1.2351 0.24198 0.85955
-19.183 17.525 2.4034 0.25581 1.4575
-19.312 -9.2466 3.3301 0.27002 1.9351
-25.086 8.4387 3.9224 0.28461 2.2458
49.617 22.259 4.1205 0.29958 2.3598
-52.746 -38.136 3.9046 0.31494 2.2673
36.146 14.709 3.2965 0.33069 1.9789
-24.488 30.256 2.3572 0.34682 1.5254
61.936 -32.053 1.181 0.36333 0.95383
-46.138 8.6374 -0.11381 0.38022 0.32332
-37.937 0.091853 -1.3972 0.3975 -0.30109
4.3614 25.874 -2.5402 0.41517 -0.85493
49.249 -2.3981 -3.428 0.43322 -1.2808
2.4605 -48.625 -3.9714 0.45165 -1.534
-40.368 20.954 -4.1158 0.47046 -1.5874
47.866 -10.107 -3.8466 0.48966 -1.4337
-4.5322 -3.1946 -3.1911 0.50925 -1.0863
-6.3052 -3.4536 -2.2149 0.52922 -0.57823
-20.073 6.646 -1.0162 0.54957 0.04148
4.4178 -9.3451 0.28463 0.5703 0.71262
-30.289 18.573 1.5568 0.59142 1.3698
60.833 6.3522 2.6726 0.61293 1.9492
-2.9683 -9.2509 3.5199 0.63482 2.3948
-38.396 15.453 4.0135 0.65709 2.6639
5.7186 13.166 4.1039 0.67974 2.7317
-40.43 -40.36 3.782 0.70278 2.5938
91.578 23.08 3.0801 0.72621 2.2663
-63.312 1.7011 2.0688 0.75002 1.7844
37.773 16.506 0.8496 0.77421 1.199
12.863 -41.794 -0.45495 0.79878 0.57131
-72.633 0.53981 -1.7138 0.82374 -0.033155
-5.096 6.741 -2.8005 0.84909 -0.55114
23.075 -4.6715 -3.6058 0.87482 -0.92807
-24.509 41.542 -4.0488 0.90093 -1.1235
67.421 -27.316 -4.0851 0.92742 -1.1151
-53.486 21.013 -3.7109 0.9543 -0.90115
48.429 -30.791 -2.9639 0.98157 -0.50039
-26.325 7.975 -1.9191 1.0092 0.049643
35.091 -17.975 -0.68156 1.0372 0.69647
1.4608 44.703 0.6245 1.0657 1.3779
-7.9005 -2.9293 1.8678 1.0945 2.0284
25.526 -2.4164 2.9235 1.1236 2.5854
-8.4864 -43.906 3.6854 1.1532 2.9959
-81.342 54.564 4.0771 1.1832 3.2217
62.003 -48.749 4.0591 1.2135 3.2431
30.375 19.153 3.6334 1.2442 3.0609
-16.729 -20.777 2.8426 1.2753 2.6966
12.353 52.324 1.7662 1.3068 2.1899
-49.397 -26.094 0.51235 1.3387 1.5949
-27.987 16.386 -0.79296 1.3709 0.97446
65.839 -38.386 -2.0186 1.4036 0.39428
-31.49 43.375 -3.0415 1.4366 -0.084117
47.179 -39.009 -3.7587 1.47 -0.40934
1.3426 -8.2739 -4.0984 1.5038 -0.54537
-81.298 20.903 -4.0262 1.538 -0.47513
80.728 16.964 -3.5496 1.5725 -0.20226
-0.73817 -3.3594 -2.7164 1.6075 0.24931
-41.063 -2.0027 -1.6102 1.6428 0.83772
-26.838 -22.293 -0.34226 1.6785 1.5074
-18.096 19.324 0.96007 1.7146 2.1947
53.482 -24.871 2.1659 1.7511 2.8341
28.102 20.684 3.1542 1.788 3.3651
-78.639 -12.387 3.8255 1.8252 3.738
77.881 27.535 4.1126 1.8628 3.9191
-9.1068 -36.03 3.9864 1.9009 3.8941
